99 99 99 99 99 99 99 99 99 99 99 99 99 99 99 99 99 99 99 99 99 99 99 99 99 99 99 99 99 99 99 99 99
99 99 99 99 99 99 99 99 99 99 99 99 99 99 99 99 99 99 99 99 99 99 99 99 99 99 99 99 99 99 99 99 99
99 99 99 99 99 99 99 99 99 99 99 99 99 99 99 99 99 99 99 99 99 99 99 99 99 99 99 99 99 99 99 99 99
99 99 99 99 99 99 99 99 99 99 99 99 99 99 99 99 99 99 99 99 99 99 99 99 99 99 99 99 99 99 99 99 99
99 99 99 99 99 99 99 99 99 99 99 99 99 99 99 99 99 99 99 99 99 99 99 99 99 99 99 99 99 99 99 99 99
99 99 99 99 99 99 99 73 73 73 73 73 73 73 73 73 73 73 73 73 73 73 73 73 73 81 99 99 99 99 99 99 99
99 99 99 99 99 99 99 80 99 99 99 99 99 99 99 99 99 99 99 99 99 99 99 99 99 80 99 99 99 99 99 99 99
99 99 99 99 99 99 99 80 99 99 99 99 99 99 99 99 99 99 99 99 99 99 99 99 99 80 99 99 99 99 99 99 99
99 99 99 99 99 99 99 80 99 99 99 99 99 99 99 99 99 99 99 99 99 99 99 99 99 80 99 99 99 99 99 99 99
99 99 99 99 99 99 99 80 99 99 99 99 99 99 99 99 99 99 99 99 99 99 99 99 99 80 99 99 99 99 99 99 99
99 99 99 99 99 99 99 80 99 99 99 99 99 99 99 99 99 99 99 99 99 99 99 99 99 80 99 99 99 99 99 99 99
99 99 99 99 99 99 99 80 99 99 99 99 99 99 99 99 99 99 99 99 99 99 99 99 99 80 99 99 99 99 99 99 99
99 99 99 99 99 99 99 80 99 99 99 99 99 99 99 99 99 99 99 99 99 99 99 99 99 80 99 99 99 99 99 99 99
99 99 99 99 99 99 99 80 99 99 99 99 99 99 99 99 99 99 99 99 99 99 99 99 99 80 99 99 99 99 99 99 99
99 99 99 99 99 99 99 80 99 99 99 99 99 99 99 99 99 99 99 99 99 99 99 99 99 80 99 99 99 99 99 99 99
99 99 99 99 99 99 99 80 99 99 99 99 99 99 99 99 99 99 99 99 99 99 99 99 99 80 99 99 99 99 99 99 99
99 99 99 99 99 99 99 80 99 99 99 99 99 99 99 99 99 99 99 99 99 99 99 99 99 80 99 99 99 99 99 99 99
99 99 99 99 99 99 99 80 99 99 99 99 99 99 99 99 99 99 99 99 99 99 99 99 99 80 99 99 99 99 99 99 99
99 99 99 99 99 99 99 80 99 99 99 99 99 99 99 99 99 99 99 99 99 99 99 99 99 80 99 99 99 99 99 99 99
99 99 99 99 99 99 99 80 99 99 99 99 99 99 99 99 99 99 99 99 99 99 99 99 99 80 99 99 99 99 99 99 99
99 99 99 99 99 99 99 80 99 99 99 99 99 99 99 99 99 99 99 99 99 99 99 99 99 80 99 99 99 99 99 99 99
99 99 99 99 99 99 99 80 99 99 99 99 99 99 99 99 99 99 99 99 99 99 99 99 99 80 99 99 99 99 99 99 99
99 99 99 99 99 99 99 80 99 99 99 99 99 99 99 99 99 99 99 99 99 99 99 99 99 80 99 99 99 99 99 99 99
99 99 99 99 99 99 99 88 73 73 73 73 73 73 73 73 73 73 73 73 73 73 73 73 73 89 99 99 99 99 99 99 99
99 99 99 99 99 99 99 99 99 99 99 99 99 99 99 99 99 99 99 99 99 99 99 99 99 99 99 99 99 99 99 99 99
99 99 99 99 99 99 99 99 99 99 99 99 99 99 99 99 99 99 99 99 99 99 99 99 99 99 99 99 99 99 99 99 99
99 99 99 99 99 99 99 99 99 99 99 99 99 99 99 99 99 99 99 99 99 99 99 99 99 99 99 99 99 99 99 99 99
99 99 99 99 99 99 99 99 99 99 99 99 99 99 99 99 99 99 99 99 99 99 99 99 99 99 99 99 99 99 99 99 99
99 99 99 99 99 99 99 99 99 99 99 99 99 99 99 99 99 99 99 99 99 99 99 99 99 99 99 99 99 99 99 99 99